湖北省:荆州市:1.0,0.0,0.0,0.0,0.0,0.0,0.0,0.0,0.0
江西省:宜春市:1.0,0.0,0.0,0.0,0.0,0.0,0.0,0.0,0.0
湖北省:襄樊市:4.0,0.0,0.0,0.0,0.0,0.0,0.0,0.0,0.0
河北省:秦皇岛市:2.0,0.0,0.0,0.0,0.0,0.0,0.0,0.0,0.0
吉林省:四平市:1.0,0.0,0.0,0.0,0.0,0.0,0.0,0.0,0.0
广东省:揭阳市:1.0,0.0,0.0,0.0,0.0,0.0,0.0,0.0,0.0
陕西省:宝鸡市:2.0,0.0,0.0,0.0,0.0,0.0,0.0,0.0,0.0
云南省:昆明市:2.0,0.0,0.0,0.0,0.0,0.0,0.0,0.0,0.0
安徽省:淮北市:5.0,0.0,0.0,0.0,0.0,0.0,0.0,0.0,0.0
黑龙江省:哈尔滨市:3.0,0.0,0.0,0.0,0.0,0.0,0.0,0.0,0.0
广西壮族自治区:贵港市:2.0,0.0,0.0,0.0,0.0,0.0,0.0,0.0,0.0
吉林省:辽源市:2.0,0.0,0.0,0.0,0.0,0.0,0.0,0.0,0.0
辽宁省:营口市:1.0,0.0,0.0,0.0,0.0,0.0,0.0,0.0,0.0
四川省:达州市:1.0,0.0,0.0,0.0,0.0,0.0,0.0,0.0,0.0
浙江省:绍兴市:4.0,0.0,0.0,0.0,0.0,0.0,0.0,0.0,0.0
江苏省:南通市:7.0,0.0,0.0,0.0,0.0,0.0,0.0,0.0,0.0
黑龙江省:齐齐哈尔市:1.0,0.0,0.0,0.0,0.0,0.0,0.0,0.0,0.0
四川省:眉山市:2.0,0.0,0.0,0.0,0.0,0.0,0.0,0.0,0.0
河南省:濮阳市:1.0,0.0,0.0,0.0,0.0,0.0,0.0,0.0,0.0
山东省:莱芜市:3.0,0.0,0.0,0.0,0.0,0.0,0.0,0.0,0.0
陕西省:西安市:20.0,0.0,0.0,0.0,0.0,0.0,0.0,0.0,0.0
河南省:周口市:2.0,0.0,0.0,0.0,0.0,0.0,0.0,0.0,0.0
广东省:茂名市:3.0,0.0,0.0,0.0,0.0,0.0,0.0,0.0,0.0
山东省:日照市:4.0,0.0,0.0,0.0,0.0,0.0,0.0,0.0,0.0
湖南省:永州市:1.0,0.0,0.0,0.0,0.0,0.0,0.0,0.0,0.0
河北省:邢台市:4.0,0.0,0.0,0.0,0.0,0.0,0.0,0.0,0.0
辽宁省:沈阳市:7.0,0.0,0.0,0.0,0.0,0.0,0.0,0.0,0.0
浙江省:宁波市:8.0,0.0,0.0,0.0,0.0,0.0,0.0,0.0,0.0
安徽省:安庆市:3.0,0.0,0.0,0.0,0.0,0.0,0.0,0.0,0.0
湖南省:邵阳市:8.0,0.0,0.0,0.0,0.0,0.0,0.0,0.0,0.0
湖南省:张家界市:1.0,0.0,0.0,0.0,0.0,0.0,0.0,0.0,0.0
山东省:济南市:6.0,0.0,0.0,0.0,0.0,0.0,0.0,0.0,0.0
湖南省:益阳市:1.0,0.0,0.0,0.0,0.0,0.0,0.0,0.0,0.0
安徽省:宣城市:2.0,0.0,0.0,0.0,0.0,0.0,0.0,0.0,0.0
江西省:吉安市:1.0,0.0,0.0,0.0,0.0,0.0,0.0,0.0,0.0
山东省:滨州市:1.0,0.0,0.0,0.0,0.0,0.0,0.0,0.0,0.0
吉林省:通化市:1.0,0.0,0.0,0.0,0.0,0.0,0.0,0.0,0.0
河北省:廊坊市:3.0,0.0,0.0,0.0,0.0,0.0,0.0,0.0,0.0
浙江省:杭州市:17.0,0.0,0.0,0.0,0.0,0.0,0.0,0.0,0.0
安徽省:阜阳市:2.0,0.0,0.0,0.0,0.0,0.0,0.0,0.0,0.0
吉林省:吉林市:1.0,0.0,0.0,0.0,0.0,0.0,0.0,0.0,0.0
浙江省:台州市:6.0,0.0,0.0,0.0,0.0,0.0,0.0,0.0,0.0
广东省:中山市:2.0,0.0,0.0,0.0,0.0,0.0,0.0,0.0,0.0
辽宁省:阜新市:3.0,0.0,0.0,0.0,0.0,0.0,0.0,0.0,0.0
江苏省:泰州市:2.0,0.0,0.0,0.0,0.0,0.0,0.0,0.0,0.0
湖南省:衡阳市:3.0,0.0,0.0,0.0,0.0,0.0,0.0,0.0,0.0
江苏省:淮安市:3.0,0.0,0.0,0.0,0.0,0.0,0.0,0.0,0.0
四川省:自贡市:2.0,0.0,0.0,0.0,0.0,0.0,0.0,0.0,0.0
江苏省:连云港市:4.0,0.0,0.0,0.0,0.0,0.0,0.0,0.0,0.0
浙江省:湖州市:4.0,0.0,0.0,0.0,0.0,0.0,0.0,0.0,0.0
福建省:厦门市:6.0,0.0,0.0,0.0,0.0,0.0,0.0,0.0,0.0
陕西省:咸阳市:2.0,0.0,0.0,0.0,0.0,0.0,0.0,0.0,0.0
云南省:西双版纳傣族自治州:1.0,0.0,0.0,0.0,0.0,0.0,0.0,0.0,0.0
安徽省:滁州市:1.0,0.0,0.0,0.0,0.0,0.0,0.0,0.0,0.0
内蒙古自治区:呼和浩特市:1.0,0.0,0.0,0.0,0.0,0.0,0.0,0.0,0.0
河北省:邯郸市:3.0,0.0,0.0,0.0,0.0,0.0,0.0,0.0,0.0
江西省:景德镇市:1.0,0.0,0.0,0.0,0.0,0.0,0.0,0.0,0.0
北京市:北京市:16.0,0.0,0.0,0.0,0.0,0.0,0.0,0.0,0.0
福建省:宁德市:1.0,0.0,0.0,0.0,0.0,0.0,0.0,0.0,0.0
广东省:汕头市:4.0,0.0,0.0,0.0,0.0,0.0,0.0,0.0,0.0
湖南省:岳阳市:1.0,0.0,0.0,0.0,0.0,0.0,0.0,0.0,0.0
安徽省:铜陵市:1.0,0.0,0.0,0.0,0.0,0.0,0.0,0.0,0.0
福建省:三明市:1.0,0.0,0.0,0.0,0.0,0.0,0.0,0.0,0.0
安徽省:芜湖市:2.0,0.0,0.0,0.0,0.0,0.0,0.0,0.0,0.0
新疆维吾尔自治区:乌鲁木齐市:2.0,0.0,0.0,0.0,0.0,0.0,0.0,0.0,0.0
江西省:未知:2.0,0.0,0.0,0.0,0.0,0.0,0.0,0.0,0.0
四川省:宜宾市:3.0,0.0,0.0,0.0,0.0,0.0,0.0,0.0,0.0
河南省:平顶山市:1.0,0.0,0.0,0.0,0.0,0.0,0.0,0.0,0.0
四川省:内江市:3.0,0.0,0.0,0.0,0.0,0.0,0.0,0.0,0.0
甘肃省:张掖市:1.0,0.0,0.0,0.0,0.0,0.0,0.0,0.0,0.0
湖北省:武汉市:14.0,0.0,0.0,0.0,0.0,0.0,0.0,0.0,0.0
河北省:张家口市:1.0,0.0,0.0,0.0,0.0,0.0,0.0,0.0,0.0
四川省:南充市:7.0,0.0,0.0,0.0,0.0,0.0,0.0,0.0,0.0
浙江省:丽水市:3.0,0.0,0.0,0.0,0.0,0.0,0.0,0.0,0.0
山东省:枣庄市:2.0,0.0,0.0,0.0,0.0,0.0,0.0,0.0,0.0
重庆市:重庆市:20.0,0.0,0.0,0.0,0.0,0.0,0.0,0.0,0.0
宁夏回族自治区:固原市:1.0,0.0,0.0,0.0,0.0,0.0,0.0,0.0,0.0
福建省:龙岩市:2.0,0.0,0.0,0.0,0.0,0.0,0.0,0.0,0.0
贵州省:贵阳市:2.0,0.0,0.0,0.0,0.0,0.0,0.0,0.0,0.0
河北省:保定市:3.0,0.0,0.0,0.0,0.0,0.0,0.0,0.0,0.0
山东省:潍坊市:3.0,0.0,0.0,0.0,0.0,0.0,0.0,0.0,0.0
上海市:上海市:5.0,0.0,0.0,0.0,0.0,0.0,0.0,0.0,0.0
广西壮族自治区:桂林市:1.0,0.0,0.0,0.0,0.0,0.0,0.0,0.0,0.0
浙江省:温州市:7.0,0.0,0.0,0.0,0.0,0.0,0.0,0.0,0.0
内蒙古自治区:赤峰市:1.0,0.0,0.0,0.0,0.0,0.0,0.0,0.0,0.0
四川省:乐山市:2.0,0.0,0.0,0.0,0.0,0.0,0.0,0.0,0.0
河南省:洛阳市:1.0,0.0,0.0,0.0,0.0,0.0,0.0,0.0,0.0
湖北省:十堰市:1.0,0.0,0.0,0.0,0.0,0.0,0.0,0.0,0.0
福建省:漳州市:1.0,0.0,0.0,0.0,0.0,0.0,0.0,0.0,0.0
湖北省:黄冈市:1.0,0.0,0.0,0.0,0.0,0.0,0.0,0.0,0.0
广东省:湛江市:2.0,0.0,0.0,0.0,0.0,0.0,0.0,0.0,0.0
四川省:凉山彝族自治州:1.0,0.0,0.0,0.0,0.0,0.0,0.0,0.0,0.0
广东省:云浮市:1.0,0.0,0.0,0.0,0.0,0.0,0.0,0.0,0.0
黑龙江省:双鸭山市:1.0,0.0,0.0,0.0,0.0,0.0,0.0,0.0,0.0
浙江省:嘉兴市:4.0,0.0,0.0,0.0,0.0,0.0,0.0,0.0,0.0
广西壮族自治区:河池市:1.0,0.0,0.0,0.0,0.0,0.0,0.0,0.0,0.0
山东省:烟台市:1.0,0.0,0.0,0.0,0.0,0.0,0.0,0.0,0.0
江西省:上饶市:6.0,0.0,0.0,0.0,0.0,0.0,0.0,0.0,0.0
陕西省:榆林市:1.0,0.0,0.0,0.0,0.0,0.0,0.0,0.0,0.0
广西壮族自治区:南宁市:12.0,0.0,0.0,0.0,0.0,0.0,0.0,0.0,0.0
江苏省:苏州市:11.0,0.0,0.0,0.0,0.0,0.0,0.0,0.0,0.0
山东省:菏泽市:2.0,0.0,0.0,0.0,0.0,0.0,0.0,0.0,0.0
河北省:石家庄市:5.0,0.0,0.0,0.0,0.0,0.0,0.0,0.0,0.0
河北省:唐山市:1.0,0.0,0.0,0.0,0.0,0.0,0.0,0.0,0.0
江苏省:南京市:8.0,0.0,0.0,0.0,0.0,0.0,0.0,0.0,0.0
江西省:九江市:3.0,0.0,0.0,0.0,0.0,0.0,0.0,0.0,0.0
海南省:未知:1.0,0.0,0.0,0.0,0.0,0.0,0.0,0.0,0.0
山东省:济宁市:7.0,0.0,0.0,0.0,0.0,0.0,0.0,0.0,0.0
山东省:泰安市:2.0,0.0,0.0,0.0,0.0,0.0,0.0,0.0,0.0
江苏省:宿迁市:1.0,0.0,0.0,0.0,0.0,0.0,0.0,0.0,0.0
江苏省:镇江市:1.0,0.0,0.0,0.0,0.0,0.0,0.0,0.0,0.0
广东省:肇庆市:1.0,0.0,0.0,0.0,0.0,0.0,0.0,0.0,0.0
山西省:晋中市:4.0,0.0,0.0,0.0,0.0,0.0,0.0,0.0,0.0
内蒙古自治区:鄂尔多斯市:1.0,0.0,0.0,0.0,0.0,0.0,0.0,0.0,0.0
广东省:深圳市:6.0,0.0,0.0,0.0,0.0,0.0,0.0,0.0,0.0
安徽省:黄山市:1.0,0.0,0.0,0.0,0.0,0.0,0.0,0.0,0.0
福建省:福州市:4.0,0.0,0.0,0.0,0.0,0.0,0.0,0.0,0.0
安徽省:合肥市:22.0,0.0,0.0,0.0,0.0,0.0,0.0,0.0,0.0
江西省:萍乡市:1.0,0.0,0.0,0.0,0.0,0.0,0.0,0.0,0.0
湖南省:娄底市:3.0,0.0,0.0,0.0,0.0,0.0,0.0,0.0,0.0
四川省:绵阳市:4.0,0.0,0.0,0.0,0.0,0.0,0.0,0.0,0.0
广东省:珠海市:1.0,0.0,0.0,0.0,0.0,0.0,0.0,0.0,0.0
广东省:佛山市:3.0,0.0,0.0,0.0,0.0,0.0,0.0,0.0,0.0
浙江省:衢州市:3.0,0.0,0.0,0.0,0.0,0.0,0.0,0.0,0.0
江苏省:无锡市:11.0,0.0,0.0,0.0,0.0,0.0,0.0,0.0,0.0
四川省:甘孜藏族自治州:2.0,0.0,0.0,0.0,0.0,0.0,0.0,0.0,0.0
未知:未知:8.0,0.0,0.0,0.0,0.0,0.0,0.0,0.0,0.0
江苏省:扬州市:2.0,0.0,0.0,0.0,0.0,0.0,0.0,0.0,0.0
河南省:南阳市:1.0,0.0,0.0,0.0,0.0,0.0,0.0,0.0,0.0
湖南省:长沙市:5.0,0.0,0.0,0.0,0.0,0.0,0.0,0.0,0.0
江苏省:常州市:6.0,0.0,0.0,0.0,0.0,0.0,0.0,0.0,0.0
广东省:惠州市:3.0,0.0,0.0,0.0,0.0,0.0,0.0,0.0,0.0
江苏省:徐州市:13.0,0.0,0.0,0.0,0.0,0.0,0.0,0.0,0.0
江苏省:盐城市:4.0,0.0,0.0,0.0,0.0,0.0,0.0,0.0,0.0
湖南省:湘潭市:1.0,0.0,0.0,0.0,0.0,0.0,0.0,0.0,0.0
福建省:莆田市:2.0,0.0,0.0,0.0,0.0,0.0,0.0,0.0,0.0
广东省:江门市:1.0,0.0,0.0,0.0,0.0,0.0,0.0,0.0,0.0
四川省:成都市:4.0,0.0,0.0,0.0,0.0,0.0,0.0,0.0,0.0
安徽省:淮南市:1.0,0.0,0.0,0.0,0.0,0.0,0.0,0.0,0.0
陕西省:渭南市:1.0,0.0,0.0,0.0,0.0,0.0,0.0,0.0,0.0
安徽省:亳州市:1.0,0.0,0.0,0.0,0.0,0.0,0.0,0.0,0.0
广东省:清远市:2.0,0.0,0.0,0.0,0.0,0.0,0.0,0.0,0.0
青海省:西宁市:1.0,0.0,0.0,0.0,0.0,0.0,0.0,0.0,0.0
广西壮族自治区:北海市:3.0,0.0,0.0,0.0,0.0,0.0,0.0,0.0,0.0
内蒙古自治区:通辽市:3.0,0.0,0.0,0.0,0.0,0.0,0.0,0.0,0.0
山东省:聊城市:6.0,0.0,0.0,0.0,0.0,0.0,0.0,0.0,0.0
广东省:东莞市:10.0,0.0,0.0,0.0,0.0,0.0,0.0,0.0,0.0
湖北省:宜昌市:1.0,0.0,0.0,0.0,0.0,0.0,0.0,0.0,0.0
福建省:泉州市:4.0,0.0,0.0,0.0,0.0,0.0,0.0,0.0,0.0
贵州省:黔西南布依族苗族自治未知:1.0,0.0,0.0,0.0,0.0,0.0,0.0,0.0,0.0
广西壮族自治区:玉林市:2.0,0.0,0.0,0.0,0.0,0.0,0.0,0.0,0.0
安徽省:蚌埠市:1.0,0.0,0.0,0.0,0.0,0.0,0.0,0.0,0.0
安徽省:未知:5.0,0.0,0.0,0.0,0.0,0.0,0.0,0.0,0.0
山东省:青岛市:13.0,0.0,0.0,0.0,0.0,0.0,0.0,0.0,0.0
河南省:郑州市:5.0,0.0,0.0,0.0,0.0,0.0,0.0,0.0,0.0
广西壮族自治区:柳州市:3.0,0.0,0.0,0.0,0.0,0.0,0.0,0.0,0.0
河南省:漯河市:1.0,0.0,0.0,0.0,0.0,0.0,0.0,0.0,0.0
广东省:广州市:13.0,0.0,0.0,0.0,0.0,0.0,0.0,0.0,0.0
四川省:泸州市:1.0,0.0,0.0,0.0,0.0,0.0,0.0,0.0,0.0
山东省:德州市:1.0,0.0,0.0,0.0,0.0,0.0,0.0,0.0,0.0
四川省:遂宁市:2.0,0.0,0.0,0.0,0.0,0.0,0.0,0.0,0.0
湖南省:怀化市:1.0,0.0,0.0,0.0,0.0,0.0,0.0,0.0,0.0
江西省:赣州市:2.0,0.0,0.0,0.0,0.0,0.0,0.0,0.0,0.0
江西省:南昌市:8.0,0.0,0.0,0.0,0.0,0.0,0.0,0.0,0.0
江苏省:未知:2.0,0.0,0.0,0.0,0.0,0.0,0.0,0.0,0.0
吉林省:长春市:1.0,0.0,0.0,0.0,0.0,0.0,0.0,0.0,0.0
山东省:临沂市:4.0,0.0,0.0,0.0,0.0,0.0,0.0,0.0,0.0
广西壮族自治区:梧州市:4.0,0.0,0.0,0.0,0.0,0.0,0.0,0.0,0.0
河北省:沧州市:5.0,0.0,0.0,0.0,0.0,0.0,0.0,0.0,0.0
四川省:雅安市:1.0,0.0,0.0,0.0,0.0,0.0,0.0,0.0,0.0
江西省:抚州市:1.0,0.0,0.0,0.0,0.0,0.0,0.0,0.0,0.0
浙江省:金华市:4.0,0.0,0.0,0.0,0.0,0.0,0.0,0.0,0.0
